# This file may be used to create an environment using:
# $ conda create --name <env> --file <this file>
# platform: linux-64
_libgcc_mutex=0.1=main
_openmp_mutex=5.1=1_gnu
aiohttp=3.8.1=py310h5764c6d_1
aiosignal=1.3.1=pyhd8ed1ab_0
appdirs=1.4.4=pyh9f0ad1d_0
async-timeout=4.0.2=pyhd8ed1ab_0
attrs=22.2.0=pyh71513ae_0
blas=1.0=mkl
bottleneck=1.3.5=py310ha9d4c09_0
brotlipy=0.7.0=py310h5764c6d_1004
bzip2=1.0.8=h7b6447c_0
ca-certificates=2022.12.7=ha878542_0
certifi=2022.12.7=pyhd8ed1ab_0
cffi=1.15.0=py310h0fdd8cc_0
charset-normalizer=3.1.0=pypi_0
click=8.1.3=unix_pyhd8ed1ab_2
colorama=0.4.6=pyhd8ed1ab_0
cryptography=3.4.8=py310h685ca39_1
cycler=0.11.0=pyhd8ed1ab_0
dbus=1.13.18=hb2f20db_0
docker-pycreds=0.4.0=py_0
et_xmlfile=1.1.0=pyhd8ed1ab_0
expat=2.2.10=h9c3ff4c_0
fontconfig=2.14.1=hef1e5e3_0
freetype=2.10.4=h0708190_1
frozenlist=1.3.3=py310h5eee18b_0
giflib=5.2.1=h36c2ea0_2
gitdb=4.0.10=pyhd8ed1ab_0
gitpython=3.1.31=pyhd8ed1ab_0
glib=2.69.1=he621ea3_2
greenlet=2.0.2=pypi_0
gst-plugins-base=1.14.1=h6a678d5_1
gstreamer=1.14.1=h5eee18b_1
icu=58.2=hf484d3e_1000
idna=3.4=pyhd8ed1ab_0
intel-openmp=2021.4.0=h06a4308_3561
joblib=1.2.0=pyhd8ed1ab_0
jpeg=9e=h166bdaf_1
keyutils=1.6.1=h166bdaf_0
kiwisolver=1.4.4=py310h6a678d5_0
krb5=1.19.3=h3790be6_0
lcms2=2.12=h3be6417_0
ld_impl_linux-64=2.38=h1181459_1
lerc=3.0=h295c915_0
libclang=10.0.1=default_hb85057a_2
libdeflate=1.17=h5eee18b_0
libedit=3.1.20191231=he28a2e2_2
libevent=2.1.12=h8f2d780_0
libffi=3.4.2=h6a678d5_6
libgcc-ng=11.2.0=h1234567_1
libgfortran-ng=12.2.0=h69a702a_19
libgfortran5=12.2.0=h337968e_19
libgomp=11.2.0=h1234567_1
libllvm10=10.0.1=he513fc3_3
libpng=1.6.39=h5eee18b_0
libpq=12.9=h16c4e8d_3
libprotobuf=3.20.3=he621ea3_0
libstdcxx-ng=11.2.0=h1234567_1
libtiff=4.5.0=h6a678d5_2
libuuid=1.41.5=h5eee18b_0
libwebp=1.2.4=h11a3e52_1
libwebp-base=1.2.4=h5eee18b_1
libxcb=1.15=h7f8727e_0
libxkbcommon=1.0.1=hfa300c1_0
libxml2=2.9.14=h74e7548_0
libxslt=1.1.35=h4e12654_0
lz4-c=1.9.3=h9c3ff4c_1
matplotlib-base=3.4.3=py310h23f4a51_2
mkl=2021.4.0=h06a4308_640
mkl-service=2.4.0=py310ha2c4b55_0
mkl_fft=1.3.1=py310hd6ae3a3_0
mkl_random=1.2.2=py310h00e6091_0
multidict=6.0.2=py310h5eee18b_0
ncurses=6.4=h6a678d5_0
nspr=4.33=h295c915_0
nss=3.74=h0370c37_0
numexpr=2.8.4=py310h8879344_0
numpy=1.23.5=py310hd5efca6_0
numpy-base=1.23.5=py310h8e6c178_0
openai=0.27.2=pyhd8ed1ab_0
openpyxl=3.0.9=pyhd8ed1ab_0
openssl=1.1.1t=h7f8727e_0
packaging=23.0=pyhd8ed1ab_0
pandas=1.5.3=py310h1128e8f_0
pandas-stubs=1.5.3.230321=pyhd8ed1ab_0
pathtools=0.1.2=py_1
pcre=8.45=h9c3ff4c_0
pillow=9.4.0=py310h6a678d5_0
pip=23.0.1=py310h06a4308_0
platformdirs=3.2.0=pyhd8ed1ab_0
plotly=5.14.1=pyhd8ed1ab_0
ply=3.11=py_1
pooch=1.7.0=pyha770c72_3
protobuf=3.20.3=py310h6a678d5_0
psutil=5.9.0=py310h5eee18b_0
pycparser=2.21=pyhd8ed1ab_0
pyopenssl=20.0.1=pyhd8ed1ab_0
pyparsing=3.0.9=pyhd8ed1ab_0
pyqt=5.15.7=py310h6a678d5_1
pyqt5-sip=12.11.0=pypi_0
pysocks=1.7.1=pyha2e5f31_6
python=3.10.10=h7a1cb2a_2
python-dateutil=2.8.2=pyhd8ed1ab_0
python_abi=3.10=2_cp310
pytz=2023.3=pyhd8ed1ab_0
pyyaml=6.0=py310h5764c6d_4
qt-main=5.15.2=h327a75a_7
qt-webengine=5.15.9=hd2b0992_4
qtwebkit=5.212=h4eab89a_4
readline=8.2=h5eee18b_0
requests=2.28.2=pyhd8ed1ab_1
scikit-learn=1.2.2=py310h6a678d5_0
scipy=1.10.1=py310hd5efca6_0
sentry-sdk=1.19.1=pyhd8ed1ab_0
setproctitle=1.2.2=py310h5764c6d_2
setuptools=65.6.3=py310h06a4308_0
sip=6.6.2=py310h6a678d5_0
six=1.16.0=pyh6c4a22f_0
smmap=3.0.5=pyh44b312d_0
sqlite=3.41.1=h5eee18b_0
tenacity=8.2.2=pyhd8ed1ab_0
threadpoolctl=3.1.0=pyh8a188c0_0
tiktoken=0.3.3=pypi_0
tk=8.6.12=h1ccaba5_0
toml=0.10.2=pyhd8ed1ab_0
tornado=6.1=py310h5764c6d_3
tqdm=4.65.0=pyhd8ed1ab_1
types-pytz=2023.3.0.0=pyhd8ed1ab_0
typing-extensions=4.5.0=hd8ed1ab_0
typing_extensions=4.5.0=pyha770c72_0
tzdata=2023c=h04d1e81_0
urllib3=1.26.15=pyhd8ed1ab_0
wandb=0.14.2=pyhd8ed1ab_0
wheel=0.38.4=py310h06a4308_0
xz=5.2.10=h5eee18b_1
yaml=0.2.5=h7f98852_2
yarl=1.7.2=py310h5764c6d_2
zlib=1.2.13=h5eee18b_0
zstd=1.5.2=ha4553b6_0
